[[-0.022 -0.051  0.998 34.125]
 [-0.086 -0.995 -0.052 -1.464]
 [ 0.996 -0.087  0.017 16.264]
 [ 0.     0.     0.     1.   ]]
[1. 2. 3. 4. 5.]


MOVE 1 TO 17, 2 TO 36, 3 TO 50, 4 TO 65, 5 TO 93
[[ 1.    0.02 -0.    9.28]
 [-0.02  1.   -0.   -0.16]
 [ 0.    0.    1.   16.39]
 [ 0.    0.    0.    1.  ]]
[[ 1.    0.   -0.03  9.14]
 [-0.03  0.   -1.   -0.32]
 [ 0.    1.    0.    0.  ]
 [ 0.    0.    0.    1.  ]]
[[ 1.    0.05 -0.    5.73]
 [-0.05  1.   -0.   -0.3 ]
 [ 0.    0.    1.    0.  ]
 [ 0.    0.    0.    1.  ]]
[[-0.07 -0.    1.   -0.  ]
 [ 1.   -0.    0.07  0.  ]
 [ 0.    1.    0.    0.  ]
 [ 0.    0.    0.    1.  ]]
[[ 1.   -0.09  0.    0.  ]
 [ 0.09  1.   -0.    0.  ]
 [ 0.    0.    1.   10.  ]
 [ 0.    0.    0.    1.  ]]
[[-0.02 -0.05  1.   34.13]
 [-0.09 -0.99 -0.05 -1.46]
 [ 1.   -0.09  0.02 16.26]
 [ 0.    0.    0.    1.  ]]
[[-0.022 -0.051  0.998 34.125]
 [-0.086 -0.995 -0.052 -1.464]
 [ 0.996 -0.087  0.017 16.264]
 [ 0.     0.     0.     1.   ]]
[1. 2. 3. 4. 5.]
